 10 28 28 40.38 44.94 45.38 57272 0.00 0.00 0.00     0 37.31 44.31 45.09 13609  4137 255.770
 10 28 28 40.38 44.94 45.38 57272 0.00 0.00 0.00     0 37.35 44.36 45.03 13512  4243 215.307
  2 28 28 38.89 42.24 43.95 24152 0.00 0.00 0.00     0 38.67 42.03 43.88 17316     0 8.470
 10 28 28 40.38 44.94 45.38 57272 0.00 0.00 0.00     0 37.29 44.33 45.04 13508  4145 97.370
 10 28 28 40.38 44.94 45.38 57272 0.00 0.00 0.00     0 37.29 44.33 45.04 13508  4145 99.042
 10 28 28 40.38 44.94 45.38 57272 0.00 0.00 0.00     0 37.29 44.33 45.04 13508  4145 97.415
 10 28 28 40.38 44.94 45.38 57272 0.00 0.00 0.00     0 37.35 44.33 45.03 13501  4370 311.224
 10 28 28 40.38 44.94 45.38 57272 0.00 0.00 0.00     0 37.29 44.33 45.04 13508  4145 103.345
 10 28 28 40.38 44.94 45.38 57272 0.00 0.00 0.00     0 37.33 44.35 45.02 13372  4124 458.041
 10 28 28 40.38 44.94 45.38 57272 0.00 0.00 0.00     0 37.30 44.35 45.04 13433  4145 111.566
 30 28 28 40.38 44.94 45.38 57272 0.00 0.00 0.00     0 36.95 44.32 45.09  9481  3849 285.892
